Reading gmsh file ...
Mesh partitionning ...
Saving partition files ...
Number of Cells: 314
Number of Vertices: 210
Local domain contruction ...
Time to create the domain 0.4573583849996794
Start Computation ...
SetUp the Linear system ...
Mat Object: 8 MPI processes
  type: mpiaij
row 0: (0, -4237.63)  (3, 1772.12)  (25, -25.6127)  (40, 1314.05)  (48, -17.3519)  (98, 44.4064)  (100, 44.6272)  (109, 46.1805)  (191, -24.1901)  (194, -22.3496)  (200, -24.1941)  (212, -22.2909)  (218, 1182.6)  (249, -30.3668) 
row 1: (1, -4497.56)  (10, 1703.29)  (13, 1672.37)  (70, 1190.57)  (156, -23.1206)  (195, 8.00424)  (202, -21.0369)  (213, 6.5104)  (238, -22.6531)  (251, -23.7521)  (258, 7.3774) 
row 2: (2, -4287.36)  (6, 3.54304)  (11, 1628.76)  (12, 1494.6)  (30, 3.08098)  (91, 15.6354)  (92, 15.6354)  (138, 3.94119)  (148, 15.6354)  (165, 1174.39)  (177, -17.0848)  (204, -16.0109)  (237, -17.1704)  (250, -17.58) 
row 3: (0, 1988.29)  (3, -4611.79)  (25, -32.2357)  (40, -11.0464)  (48, 1284.)  (131, 50.9046)  (145, 53.083)  (191, -13.4623)  (194, 1389.01)  (200, -13.4645)  (212, -12.4054)  (218, -32.6784)  (249, -38.2192) 
row 4: (4, -4978.04)  (5, 1992.89)  (37, 1665.92)  (57, 2.21687)  (68, -13.1417)  (87, -13.287)  (124, 2.18449)  (133, 2.20041)  (167, -13.5148)  (193, 13.3776)  (209, 1327.32)  (217, -13.616)  (253, 12.752)  (262, 12.7357) 
row 5: (4, 2451.34)  (5, -5761.13)  (37, -4.64976)  (39, 35.886)  (57, 1472.51)  (68, -4.6321)  (87, -4.68329)  (124, -29.3419)  (133, -29.5557)  (167, -4.7636)  (209, -29.3851)  (217, 1866.69)  (248, 41.7082) 
row 6: (2, 6.89979)  (6, -4383.76)  (9, 1549.03)  (11, 6.21287)  (30, 1608.71)  (138, 1233.37)  (139, 5.28661)  (142, 5.23869)  (165, 8.06414)  (169, 5.41228)  (184, -11.3287)  (197, -10.8522)  (203, -11.0381)  (239, -11.2403) 
row 7: (7, -4829.09)  (15, 1856.69)  (19, -6.49114)  (22, 1649.56)  (31, -6.39732)  (90, 9.15414)  (94, -6.68787)  (110, 9.21225)  (199, -1.36528)  (206, 9.11306)  (214, -6.80403)  (233, 1325.54)  (247, -1.23304)  (264, -1.20025) 
row 8: (8, -4697.07)  (18, 1805.76)  (20, 0.701889)  (21, 1566.23)  (36, 0.707649)  (45, 0.716478)  (108, -0.691439)  (113, -0.661254)  (192, -0.13556)  (205, -0.721186)  (208, 1324.7)  (210, 0.720377)  (252, -0.130954)  (261, -0.130851) 
row 9: (6, 1610.95)  (9, -4531.56)  (30, -3.63935)  (138, -8.46711)  (139, -8.41987)  (142, -8.34354)  (169, 1292.73)  (180, 12.9545)  (184, -3.89469)  (186, 12.3151)  (197, 1630.77)  (203, -3.79479)  (239, -3.8643)  (240, 12.2701) 
row 10: (1, 1953.39)  (10, -5005.57)  (13, -7.61071)  (70, -44.2399)  (156, -8.53294)  (190, 50.4813)  (195, 1409.99)  (201, 55.3869)  (202, 1648.83)  (213, -47.4607)  (235, 66.2506)  (238, -8.36042)  (251, -8.76603)  (258, -53.781) 
row 11: (2, 1948.97)  (6, -16.9933)  (11, -4795.51)  (12, 0.691167)  (30, 1343.83)  (138, -18.9029)  (165, -18.2405)  (177, 0.730072)  (203, 18.7373)  (204, 1516.47)  (234, 18.7373)  (237, 0.733731)  (250, 0.751234) 
row 12: (2, 1660.84)  (11, -0.326626)  (12, -4591.4)  (91, 1350.1)  (92, -23.8185)  (123, 22.3281)  (135, 23.7657)  (148, -23.8185)  (165, -23.8185)  (177, -0.368111)  (204, -0.344974)  (237, 1584.46)  (242, 22.7711)  (250, -0.378781) 
row 13: (1, 1751.74)  (10, 1.69129)  (13, -3240.5)  (70, -48.4828)  (156, 2.03424)  (202, 1.85091)  (238, 1495.05)  (243, 34.5271)  (251, 2.0898) 
row 14: (14, -4840.85)  (16, -7.81477)  (38, 1773.88)  (51, -7.81477)  (54, 1673.8)  (81, 1.45275)  (88, 1.44911)  (179, -7.81477)  (186, 5.98587)  (187, 5.92012)  (189, 1392.73)  (215, 1.44786)  (220, 1.45541)  (240, 6.172) 
row 15: (7, 2155.44)  (15, -5320.77)  (19, 1.70971)  (22, 1.70559)  (31, 1.685)  (53, 12.2081)  (90, -12.3378)  (94, 1.76153)  (110, -12.4161)  (206, 1430.63)  (214, 1740.32)  (233, -12.1371)  (245, 12.2081) 
row 16: (14, -6.58691)  (16, -4715.15)  (38, -6.58691)  (51, 1689.88)  (52, 1620.51)  (108, 7.99287)  (121, 8.09693)  (132, -2.64305)  (174, -2.63553)  (179, 1400.47)  (189, -6.58691)  (205, 7.84763)  (216, 8.06548)  (244, -2.67306) 
row 17: (17, -4899.7)  (24, 8.63418)  (26, 1920.76)  (29, -12.6157)  (35, 9.0504)  (55, -11.9278)  (61, 1445.76)  (64, 9.64573)  (77, 1.71443)  (207, -12.6926)  (211, 1536.31)  (223, 1.72711)  (255, 1.67995)  (263, 1.64812) 
row 18: (8, 2169.22)  (18, -5330.22)  (20, -5.67447)  (21, -5.68781)  (36, -5.72103)  (45, -5.79241)  (52, 13.2015)  (108, -4.92849)  (113, -4.71333)  (205, 1348.64)  (208, -4.74131)  (210, 1822.64)  (244, 13.7844) 
row 19: (7, -6.16598)  (15, -6.29135)  (19, -3966.85)  (22, -6.00386)  (31, 1408.39)  (41, -0.720843)  (44, 1184.95)  (47, -0.797708)  (59, 8.26714)  (94, 1375.94)  (106, 8.00663)  (126, -0.764442)  (143, 8.34931)  (214, -6.30848) 
row 20: (8, -2.90001)  (18, -2.92846)  (20, -4317.18)  (21, 1483.24)  (36, 1575.25)  (45, -2.92276)  (58, -4.32946)  (60, -4.17105)  (62, -4.32555)  (63, 1261.25)  (112, 7.51862)  (210, -2.93866)  (257, 7.22109)  (261, 7.21989) 
row 21: (8, 1616.66)  (18, 4.62011)  (20, 1606.56)  (21, -4766.31)  (36, 4.5543)  (45, 4.61112)  (63, -6.78718)  (112, -6.44611)  (192, 1.13347)  (208, 1.1831)  (210, 4.63621)  (252, 1.09495)  (257, -6.19103)  (261, 1540.69) 
row 22: (7, 1694.8)  (15, 4.18017)  (19, 3.9988)  (22, -4799.9)  (27, -6.41343)  (31, 1589.44)  (41, -6.73133)  (94, 4.11999)  (199, 2.38163)  (214, 4.19155)  (232, -6.74609)  (233, 2.60453)  (247, 2.15095)  (264, 1511.93) 
row 23: (23, -4139.48)  (43, -15.9323)  (44, -15.9459)  (46, 1553.49)  (47, 1534.61)  (59, -16.3193)  (69, 6.97343)  (126, 10.6243)  (308, 12.7585)  (309, 1061.04)  (310, 8.1792) 
row 24: (17, -12.785)  (24, -4606.8)  (35, 1641.09)  (50, -2.61982)  (61, -11.5958)  (64, 1554.95)  (71, 1414.46)  (74, 13.5723)  (89, -2.6432)  (149, -2.69206)  (154, 13.611)  (198, 13.7357)  (211, -12.2775) 
row 25: (0, 1.1322)  (3, 0.860595)  (25, -5298.28)  (48, 1911.11)  (53, 1999.59)  (82, 26.7894)  (96, 27.2598)  (110, -25.9731)  (116, -25.7912)  (131, -25.6153)  (206, -25.9904)  (218, 1.82775)  (245, 28.9529)  (249, 1404.13) 
row 26: (17, 2401.27)  (26, -5859.59)  (29, -12.0975)  (55, -11.4379)  (61, -10.9594)  (77, -20.8279)  (207, 1484.33)  (211, -19.9499)  (223, 2004.95)  (224, 39.6843)  (254, 45.0539)  (255, -20.4091)  (263, -20.0224) 
row 27: (22, -10.9986)  (27, -4545.)  (31, -10.5732)  (41, 1569.27)  (126, 3.47352)  (222, 8.75171)  (232, 1857.13)  (264, -10.3887)  (306, 9.35694)  (307, 1124.88)  (308, 4.09259) 
row 28: (28, -4527.58)  (32, -4.85689)  (36, -4.59928)  (42, 1612.16)  (45, 1470.66)  (58, -4.8546)  (115, 1445.2)  (132, -0.0251977)  (160, 4.64519)  (161, 4.64519)  (164, 4.64519)  (210, -0.0248343)  (244, -0.0245634) 
row 29: (17, -14.104)  (26, -14.8059)  (29, -4567.48)  (33, 1514.52)  (49, -3.06779)  (55, 1434.58)  (61, -13.9269)  (75, 15.1864)  (151, -3.15982)  (158, -3.13203)  (207, 1609.57)  (224, 15.1089)  (231, 15.3991)  (236, 15.313) 
row 30: (2, -3.9701)  (6, 1876.02)  (9, 8.70092)  (11, 1355.75)  (30, -4804.29)  (138, -4.80856)  (165, -4.64006)  (184, 9.44038)  (197, 9.0433)  (203, 1564.62)  (204, -7.61654)  (234, -7.61654)  (239, 9.36673) 
row 31: (7, 0.90177)  (15, 0.920105)  (19, 1528.84)  (22, 1417.62)  (27, 8.60926)  (31, -4177.14)  (41, 1232.45)  (44, -11.0571)  (47, -11.1945)  (94, 0.906858)  (126, -10.7276)  (214, 0.92261)  (232, 9.05581)  (264, 9.88746) 
row 32: (28, 15.4596)  (32, -4421.98)  (36, 16.1499)  (42, 1381.42)  (43, 1562.22)  (45, 15.362)  (46, -16.261)  (58, 1482.71)  (59, -0.677624)  (62, -16.0953)  (69, -16.8411)  (143, -0.726234)  (164, -0.749878) 
row 33: (29, 1543.44)  (33, -4644.11)  (49, 9.03306)  (55, 8.92678)  (75, -0.966669)  (150, -8.09384)  (151, 1388.8)  (156, -7.66811)  (158, 9.22223)  (207, -0.96359)  (224, -0.961736)  (231, 1711.9)  (236, -0.974729)  (251, -7.582) 
row 34: (34, -4481.71)  (35, -11.4824)  (49, 1528.24)  (50, 1563.3)  (55, -10.7354)  (61, -11.7591)  (140, 4.49151)  (149, 4.37388)  (153, 4.45733)  (158, 6.07757)  (159, 1392.58)  (163, 6.07757)  (170, 6.07757) 
row 35: (17, -6.4314)  (24, 1695.1)  (34, 21.4936)  (35, -4646.67)  (49, 22.0772)  (50, 1457.19)  (55, 24.9851)  (61, 1501.25)  (64, -5.34718)  (71, -18.4673)  (89, -19.3219)  (149, -19.679)  (211, -6.17613) 
row 36: (8, -5.88515)  (18, -5.94287)  (20, 1467.15)  (21, -5.82419)  (28, 10.1206)  (32, 11.1647)  (36, -4069.16)  (42, 10.6417)  (45, 1402.09)  (58, 1202.86)  (60, -3.75051)  (62, -3.88943)  (63, -3.61618)  (210, -5.96358) 
row 37: (4, 1744.33)  (5, 11.0321)  (37, -4994.41)  (68, 1600.4)  (72, 2.11782)  (85, 1.94631)  (87, 10.8094)  (167, 10.9948)  (193, -14.7575)  (209, -15.6059)  (217, 11.0771)  (253, -14.0674)  (256, 1.93429)  (262, 1644.19) 
row 38: (14, 2111.54)  (16, 0.304631)  (38, -5350.95)  (51, 1403.87)  (54, -6.84477)  (81, -6.83237)  (88, -6.81529)  (179, 0.304631)  (189, 0.304631)  (215, 1843.11)  (216, 9.17662)  (220, -6.84488)  (246, 9.67961) 
row 39: (5, -40.3244)  (39, -5745.61)  (56, 2147.65)  (57, 2077.78)  (120, 1.57313)  (123, 26.0412)  (130, 1.57637)  (133, 1.56708)  (168, 25.3004)  (217, -41.8242)  (219, 1.57442)  (242, 29.2898)  (248, 1515.41) 
row 40: (0, 1493.39)  (3, 20.2821)  (40, -4403.61)  (98, -24.9129)  (100, -25.0367)  (109, 1386.89)  (144, 0.17333)  (191, 24.8544)  (194, 22.9633)  (200, 24.8585)  (212, 1505.89)  (218, -26.1029)  (260, 0.180333)  (265, 0.188464) 
row 41: (19, 13.8299)  (22, -4.02852)  (27, 1503.6)  (31, 1372.14)  (41, -4418.96)  (44, 14.7208)  (47, 14.9037)  (126, 1538.89)  (232, -3.48509)  (264, -3.80515)  (307, -13.8045)  (308, -14.0105) 
row 42: (28, 1615.27)  (32, 1466.67)  (36, -3.72903)  (42, -4585.1)  (43, 11.8322)  (45, -3.5471)  (58, -3.93604)  (59, 12.3101)  (115, -8.98592)  (143, 13.1932)  (160, -8.98592)  (161, -8.98592)  (164, 1504.) 
row 43: (23, 19.2615)  (32, 1582.58)  (42, -18.5753)  (43, -4447.42)  (44, 20.6977)  (46, 1385.72)  (47, 19.7362)  (58, -2.14949)  (59, 1482.76)  (62, -2.33828)  (69, -2.44663)  (143, -18.6097)  (164, -19.2155) 
row 44: (19, 1410.56)  (23, 9.98964)  (31, 2.2775)  (41, 2.32399)  (43, 10.7253)  (44, -4339.96)  (46, 10.2278)  (47, 1404.41)  (59, 1525.99)  (94, -12.3061)  (106, -13.0745)  (126, 2.46456)  (143, -13.634) 
row 45: (8, 3.79642)  (18, 3.83366)  (20, 3.74829)  (21, 3.7571)  (28, 1293.53)  (32, -5.67254)  (36, 1450.86)  (42, -5.40684)  (45, -4258.73)  (58, -5.66987)  (115, 0.990923)  (132, 0.950388)  (210, 1513.08)  (244, 0.926465) 
row 46: (23, 1599.09)  (32, 14.3939)  (43, 1433.74)  (44, -3.04725)  (46, -4541.85)  (47, -2.9057)  (58, 14.9924)  (59, -3.1186)  (62, 16.3091)  (69, 1506.43)  (309, -17.0407)  (310, -16.992) 
row 47: (19, 11.3835)  (23, 1531.44)  (31, 10.8635)  (41, 11.0852)  (43, 7.44674)  (44, 1394.15)  (46, 7.10129)  (47, -4446.3)  (59, 7.62761)  (126, 1516.25)  (308, -25.5001)  (309, -25.5485) 
row 48: (0, 4.13036)  (3, 1364.66)  (25, 1823.85)  (48, -4729.25)  (53, 28.0778)  (110, 28.2028)  (116, 28.0054)  (131, 1505.77)  (145, -49.6175)  (194, -46.5222)  (206, 28.2216)  (218, 6.66778)  (249, 7.79835) 
row 49: (29, 13.1958)  (33, 13.4713)  (34, 1544.64)  (35, -3.07201)  (49, -4506.22)  (50, -2.73105)  (55, 1492.91)  (61, -3.14604)  (151, 13.6232)  (158, 1468.96)  (159, -10.5435)  (163, -10.5435)  (170, -10.5435) 
row 50: (24, 22.4044)  (34, 1625.56)  (35, 1466.32)  (49, -8.40795)  (50, -4592.19)  (55, -9.51543)  (61, -10.4228)  (71, 23.071)  (89, 24.1386)  (140, -14.4695)  (149, 1502.19)  (153, -14.3594)  (159, -14.3102) 
row 51: (14, 9.25856)  (16, 2027.66)  (38, 1386.29)  (51, -5272.22)  (52, -6.79084)  (108, -6.98452)  (121, -7.07545)  (179, 9.25856)  (189, 9.25856)  (205, -6.85761)  (215, -1.45316)  (216, 1861.13)  (246, -1.47982) 
row 52: (16, 1905.08)  (18, -17.0973)  (51, 0.653971)  (52, -5202.05)  (108, 0.658049)  (121, 0.666616)  (132, 12.7487)  (174, 12.7125)  (179, 12.8341)  (205, 1844.88)  (210, -17.1367)  (216, 0.664026)  (244, 1445.39) 
row 53: (15, 5.96364)  (25, 2229.13)  (48, 8.84073)  (53, -5685.35)  (82, -14.405)  (96, -14.658)  (110, 8.97969)  (116, 8.91682)  (131, 8.85597)  (206, 1916.75)  (214, 5.96364)  (245, 1536.09)  (249, -15.0796) 
row 54: (14, 2037.51)  (38, 4.35781)  (54, -5414.4)  (81, 4.36785)  (88, 4.35693)  (186, -0.0274685)  (187, -0.0271668)  (189, -0.0277992)  (197, -6.07734)  (215, 4.35314)  (220, 1835.75)  (239, -6.07734)  (240, 1535.94) 
row 55: (17, 0.799252)  (26, 0.839028)  (29, 1544.11)  (33, -10.4715)  (34, 8.40595)  (35, 10.4514)  (49, 1546.87)  (50, 9.29137)  (55, -4608.)  (61, 1517.91)  (151, -10.5896)  (158, -10.4965)  (207, 0.876493) 
row 56: (39, 2293.07)  (56, -5921.76)  (57, 9.90673)  (120, 9.96681)  (123, -0.0389952)  (130, 9.98732)  (133, 9.92848)  (168, -0.0378858)  (219, 2033.78)  (237, -13.9276)  (242, 1583.27)  (248, -0.0416683)  (250, -14.1004) 
row 57: (4, 32.5427)  (5, 1379.32)  (39, 2005.07)  (56, -17.7368)  (57, -5296.09)  (120, -17.7776)  (124, 32.2199)  (130, -17.8142)  (133, 1915.98)  (209, 32.2673)  (217, -16.1673)  (219, -17.7922)  (248, -14.0126) 
row 58: (20, 9.12271)  (28, -14.3006)  (32, 1531.42)  (36, 1385.53)  (42, -15.0369)  (43, 5.30746)  (45, -14.2102)  (46, 5.78271)  (58, -4382.78)  (60, 9.48718)  (62, 1464.54)  (63, 9.14738)  (69, 5.98899) 
row 59: (19, 7.27517)  (23, -19.0838)  (32, 11.8466)  (42, 12.7234)  (43, 1522.71)  (44, 1538.69)  (46, -19.5387)  (47, -19.5541)  (59, -4540.36)  (94, 7.36406)  (106, 7.82386)  (143, 1476.95)  (164, 13.1619) 
row 60: (20, -3.83711)  (36, -3.98378)  (58, -4.14196)  (60, -4292.95)  (62, 1584.51)  (63, 1593.65)  (69, 2.12624)  (112, 2.45749)  (310, 2.44772)  (311, 1116.95)  (312, 2.77482) 
row 61: (17, 1577.69)  (24, 1.92129)  (26, 9.29893)  (29, 9.65523)  (34, -10.1131)  (35, 1585.)  (49, -10.3877)  (50, -11.1783)  (55, 1602.1)  (61, -4768.33)  (64, 2.14638)  (207, 9.71415)  (211, 2.47913) 
row 62: (20, -1.44458)  (32, 6.52349)  (36, -1.4998)  (43, 6.85386)  (46, 7.46758)  (58, 1499.43)  (60, 1585.1)  (62, -4629.57)  (63, -1.44849)  (69, 1543.41)  (310, -7.42957)  (311, -7.39339) 
row 63: (20, 1473.22)  (21, -2.06024)  (36, 5.10463)  (58, 5.30732)  (60, 1674.55)  (62, 5.30253)  (63, -4708.23)  (112, 1558.68)  (257, -1.97605)  (261, -1.97572)  (311, -3.97017)  (312, -3.95456) 
row 64: (17, -2.2238)  (24, 1747.65)  (35, -1.73479)  (61, -2.01695)  (64, -4928.04)  (71, -13.7436)  (74, -13.6525)  (154, -13.6915)  (196, 15.618)  (198, 1613.02)  (211, 1569.59)  (259, 14.6103)  (263, 14.6142) 
row 65: (65, -4650.88)  (66, 1598.5)  (67, 0.748389)  (68, -0.689889)  (72, -0.71455)  (73, 0.748731)  (76, -0.759632)  (79, 1598.17)  (84, 0.749837)  (87, 1454.17)  (119, -0.0117121)  (167, -0.0105974)  (171, -0.01102) 
row 66: (65, 1603.13)  (66, -4809.07)  (67, 1605.44)  (68, 0.329376)  (72, 0.34115)  (73, -0.721878)  (76, 1599.44)  (79, -0.723682)  (84, -0.722944)  (87, 0.341333) 
row 67: (65, 0.216129)  (66, 1602.27)  (67, -6401.83)  (73, 1600.22)  (79, 0.216228)  (84, 0.216008) 
row 68: (4, 5.72042)  (5, 5.79517)  (37, 1459.52)  (65, -20.0321)  (66, -20.5568)  (68, -4481.44)  (72, 1367.59)  (76, -19.8927)  (85, 11.7698)  (87, 1655.78)  (167, 5.77557)  (217, 5.81884)  (256, 11.697)  (262, 12.454) 
row 69: (23, 7.48329)  (32, -9.11734)  (43, -9.57907)  (46, 1556.91)  (58, -9.49639)  (60, 3.83525)  (62, 1564.6)  (69, -4278.06)  (309, 8.81419)  (310, 1160.19)  (311, 4.42417) 
row 70: (1, 1452.39)  (10, 26.9271)  (13, -6.50275)  (70, -3210.86)  (195, 27.6352)  (213, 1743.47)  (241, -58.5316)  (258, 25.471) 
row 71: (24, 1503.57)  (35, 9.69574)  (50, 10.1687)  (64, -6.2732)  (71, -4672.52)  (73, -3.80675)  (74, 1604.19)  (80, -3.74259)  (84, -3.83365)  (89, 1564.51)  (149, 10.4491)  (154, -6.17354)  (198, -6.23011) 
row 72: (37, -12.869)  (65, 9.52176)  (66, 9.77118)  (68, 1541.34)  (72, -4781.98)  (76, 1644.95)  (85, 1586.01)  (87, 8.89915)  (256, -11.1782)  (262, -11.9016) 
row 73: (65, 0.00174564)  (66, 0.00174307)  (67, 1600.)  (71, -0.00172611)  (73, -4800.08)  (74, -0.00171404)  (79, 0.00174644)  (80, 1600.)  (84, 1600.08)  (89, -0.00175619) 
row 74: (24, -3.8261)  (64, -3.83557)  (71, 1611.72)  (73, -1.35095)  (74, -4766.08)  (80, 1562.95)  (84, -1.3605)  (89, -1.34698)  (154, 1576.11)  (198, -3.80923) 
row 75: (29, 24.4249)  (33, 24.626)  (75, -3495.54)  (207, 24.2315)  (224, 1703.07)  (231, 24.6495)  (236, 1771.27)  (243, -35.6726)  (254, -41.0675) 
row 76: (65, 1.87143)  (66, 1602.84)  (68, 1.68779)  (72, 1616.23)  (76, -6437.4)  (87, 1.74906) 
row 77: (17, 14.1761)  (26, 14.4886)  (77, -3657.29)  (211, 13.9183)  (223, 1621.38)  (225, -45.9095)  (254, -4.45945)  (255, 2029.73)  (263, 13.9688) 
row 78: (78, -5060.74)  (83, 1730.25)  (101, -17.2433)  (103, 11.8806)  (117, 1580.54)  (122, -17.6706)  (127, 11.8806)  (128, 11.8806)  (144, 5.1197)  (190, 5.38567)  (201, 1750.93)  (235, -17.5007)  (260, 5.29557) 
row 79: (65, 1599.13)  (66, -0.199611)  (67, -0.199407)  (73, -0.199498)  (79, -4800.63)  (84, 1600.65)  (87, 0.30473)  (89, -0.114398)  (119, 1600.88)  (149, -0.115177)  (153, -0.116928)  (167, 0.295245)  (171, 0.307021) 
row 80: (71, 1.66005)  (73, 1601.69)  (74, 1589.62)  (80, -6386.31)  (84, 1.70593)  (89, 1.68899) 
row 81: (14, -5.78185)  (38, -5.76855)  (54, -5.79233)  (81, -4526.63)  (88, 1568.4)  (111, 1332.5)  (184, 4.48235)  (188, 4.59701)  (215, -5.76236)  (220, 1635.32)  (239, 4.44298) 
row 82: (25, -4.54233)  (53, -4.60873)  (82, -5211.86)  (86, 1651.23)  (95, 11.1712)  (96, 1661.22)  (97, 10.943)  (99, -6.94843)  (100, -6.94843)  (107, 10.8352)  (218, -6.94843)  (245, -4.38317)  (249, 1900.84) 
row 83: (78, 1702.45)  (83, -4956.3)  (101, 1603.73)  (103, -12.1699)  (117, -12.1699)  (122, 3.87537)  (125, 8.29277)  (127, -12.1699)  (128, 1650.27)  (134, 8.38799)  (137, 8.25552)  (201, 3.70918)  (235, 3.83809) 
row 84: (65, -0.0472212)  (66, -0.0471516)  (67, -0.0471036)  (71, -1.52488)  (73, 1598.64)  (74, -1.51422)  (79, 1601.95)  (80, -1.5298)  (84, -4788.45)  (89, 1587.78)  (119, 1.61156)  (149, 1.57463)  (153, 1.59857) 
row 85: (37, 3.58071)  (68, 3.65521)  (72, 1610.03)  (85, -6858.7)  (256, 1911.14)  (262, 3.31154) 
row 86: (82, 1648.1)  (86, -4988.63)  (95, -7.10889)  (96, -7.38798)  (97, 1713.48)  (99, 1626.86)  (100, 10.3241)  (104, -3.17349)  (107, -6.8951)  (129, -3.09634)  (152, -3.12054)  (218, 10.3241)  (249, 10.3241) 
row 87: (4, -15.4915)  (5, -15.694)  (37, -15.2671)  (65, 1225.02)  (66, 9.64913)  (68, 1524.15)  (72, 8.78326)  (76, 9.33741)  (79, 9.56725)  (87, -4272.14)  (119, 9.29769)  (167, 1529.81)  (171, 8.7483)  (217, -15.7581) 
row 88: (14, 2.81014)  (38, 2.80367)  (54, 2.81523)  (81, 1618.94)  (88, -3221.59)  (111, -10.4468)  (215, 1600.5)  (220, 2.81528)  (246, 1.35924) 
row 89: (24, -3.35403)  (35, -3.41508)  (50, -3.58168)  (71, 1561.87)  (73, 5.02887)  (74, 4.89376)  (79, -1.47437)  (80, 4.94412)  (84, 1567.18)  (89, -4740.32)  (119, -1.4844)  (149, 1611.19)  (153, -1.47244) 
row 90: (7, -7.39126)  (15, -7.43251)  (90, -3162.95)  (110, 1523.29)  (116, 16.3182)  (199, 3.66647)  (206, -7.56736)  (233, 1642.07) 
row 91: (2, 18.4923)  (12, 1495.36)  (91, -4738.75)  (92, 1614.24)  (123, -11.5366)  (135, 1627.68)  (147, -5.88969)  (148, 18.4923)  (162, -6.00688)  (165, 18.4923)  (173, -6.09191)  (237, -12.7135)  (242, -11.7655) 
row 92: (2, -1.95595)  (12, -1.95595)  (91, 1561.73)  (92, -4727.41)  (134, -6.11423)  (135, 7.8266)  (137, -6.07875)  (147, 7.87096)  (148, 1611.41)  (155, -6.06314)  (162, 8.02758)  (165, -1.95595)  (173, 1554.67) 
row 93: (93, -4791.01)  (98, -0.253837)  (99, -0.247756)  (100, -0.252323)  (102, 1597.81)  (103, 0.730393)  (104, 1599.78)  (105, 0.720647)  (114, 1593.42)  (127, 0.725532)  (152, -0.475952)  (172, -0.475905)  (175, -0.475583) 
row 94: (7, -2.6433)  (15, -2.69705)  (19, 1503.39)  (22, -2.5738)  (31, -2.54274)  (44, -8.82394)  (59, -9.31242)  (94, -4329.89)  (95, 12.3952)  (96, 11.7823)  (106, 1291.87)  (143, -9.40498)  (214, 1537.05)  (245, 11.4011) 
row 95: (82, -2.75904)  (86, -2.68112)  (94, 5.45302)  (95, -4941.23)  (96, 1656.68)  (97, -2.57782)  (106, 1605.84)  (107, 1679.06)  (143, -2.69966)  (160, -2.71729)  (164, -2.68692)  (214, 5.18695)  (245, 5.12903) 
row 96: (25, 0.80541)  (53, 0.817183)  (82, 1678.09)  (86, -1.56189)  (94, 0.789798)  (95, 1706.2)  (96, -5239.14)  (97, -1.50171)  (106, 0.821349)  (107, -1.48692)  (214, 0.751261)  (245, 1854.67)  (249, 0.752787) 
row 97: (82, 0.111577)  (86, 1639.97)  (95, 0.106422)  (96, 0.1106)  (97, -4839.83)  (99, -0.130159)  (104, -0.129042)  (107, 1600.26)  (129, 1599.59)  (152, -0.126889)  (157, 0.0206882)  (160, 0.0205057)  (161, 0.0205687) 
row 98: (0, 11.1741)  (40, 11.145)  (93, -4.28098)  (98, -4835.4)  (99, -4.30999)  (100, 1593.17)  (102, 1609.43)  (103, -5.95759)  (104, -4.25664)  (109, 1631.45)  (117, -6.24325)  (144, -6.63605)  (218, 10.7053) 
row 99: (82, 4.14217)  (86, 1592.55)  (93, -10.3857)  (97, 6.32781)  (98, -10.7127)  (99, -4889.77)  (100, 1638.13)  (102, -10.579)  (104, 1659.43)  (129, 6.26966)  (152, 6.31864)  (218, 4.14217)  (249, 4.14217) 
row 100: (0, 11.051)  (40, 11.0222)  (82, -21.5936)  (86, -21.5936)  (93, 10.8833)  (98, 1564.38)  (99, 1560.52)  (100, -4844.4)  (102, 11.0859)  (104, 10.8215)  (109, 10.5084)  (218, 1718.9)  (249, -21.5936) 
row 101: (78, 8.79433)  (83, 1616.86)  (101, -4945.02)  (122, 1636.94)  (125, -2.74772)  (128, -2.80333)  (134, 1691.21)  (136, -6.3958)  (137, -2.73538)  (141, -6.25919)  (155, -6.1745)  (201, 9.01163)  (235, 9.32481) 
row 102: (93, 1596.7)  (98, 1606.38)  (99, 0.43233)  (100, 0.440301)  (102, -4802.76)  (103, 1599.53)  (104, 0.426979)  (105, -1.81317)  (109, 1.47806)  (114, -1.813)  (117, 1.36634)  (127, -1.82546)  (144, 1.4523) 
row 103: (78, -2.81202)  (83, -2.81202)  (93, 3.99088)  (98, -1.20013)  (102, 1601.67)  (103, -4863.11)  (105, 3.96437)  (109, -1.25331)  (114, 3.96401)  (117, 1675.48)  (127, 1586.17)  (128, -2.81202)  (144, -1.23148) 
row 104: (86, -2.91953)  (93, 1603.34)  (97, -2.87206)  (98, 3.17275)  (99, 1618.47)  (100, 3.15383)  (102, 3.13314)  (104, -4817.07)  (114, -0.221355)  (129, -2.84566)  (152, 1595.1)  (172, -0.221033)  (175, -0.220883) 
row 105: (93, 1.23965)  (102, 1.24807)  (103, 1.24807)  (105, -4760.96)  (114, 1594.77)  (125, 2.73785)  (127, 1599.32)  (128, 2.79391)  (139, 1566.77)  (142, 2.66489)  (169, -3.9521)  (172, -3.94771)  (180, -3.93778) 
row 106: (19, 0.325035)  (44, 0.341991)  (59, 0.360923)  (94, 1509.57)  (95, 1552.78)  (96, -7.77557)  (106, -4694.88)  (107, 7.64015)  (143, 1631.81)  (160, 7.52092)  (164, 7.43684)  (214, -7.60899)  (245, -7.52402) 
row 107: (82, 0.0172483)  (86, 0.0167612)  (95, 1626.22)  (96, 0.0170973)  (97, 1601.25)  (106, -1.17507)  (107, -4821.11)  (129, 1.1597)  (143, -1.15668)  (157, 1.1566)  (160, 1593.61)  (161, 1.14992)  (164, -1.15122) 
row 108: (8, -4.82974)  (16, 6.09065)  (18, -5.00819)  (51, 6.19333)  (52, 6.05913)  (108, -4400.62)  (113, 1347.25)  (121, 1479.01)  (205, 1564.16)  (208, -4.59703)  (216, 6.28855) 
row 109: (0, -3.12571)  (40, 1627.26)  (98, 1680.42)  (100, -2.87226)  (102, 7.6437)  (103, 7.50982)  (109, -4888.73)  (117, 7.86992)  (144, 1582.48)  (212, -5.27515)  (218, -2.99458)  (260, -4.98139)  (265, -5.206) 
row 110: (7, 8.13076)  (15, 8.17614)  (25, 1.05042)  (48, 1.0461)  (53, 1.05783)  (90, 1349.36)  (110, -4496.6)  (116, 1548.49)  (131, 1.04791)  (206, 1570.02)  (233, 8.22601) 
row 111: (81, 1509.12)  (88, 4.4204)  (111, -3112.92)  (181, -2.49488)  (184, -0.758355)  (188, 1604.15)  (220, -0.762778)  (239, -0.751695) 
row 112: (20, 1.55969)  (21, 1.48119)  (60, 1.94303)  (63, 1604.28)  (112, -4738.96)  (229, -4.06266)  (257, 1911.14)  (261, 1.42042)  (311, 2.20029)  (312, 1223.22)  (313, -4.21756) 
row 113: (8, -6.56401)  (18, -6.80654)  (108, 1520.03)  (113, -3094.5)  (121, 6.37058)  (192, 10.8062)  (205, -6.77378)  (208, 1577.44) 
row 114: (93, 1587.31)  (102, -0.890481)  (103, -0.890481)  (104, 1.39242)  (105, 1599.68)  (114, -4780.18)  (127, -0.884556)  (139, -0.508687)  (152, 1.3904)  (169, -0.505509)  (172, 1593.19)  (175, 1.38932)  (180, -0.503678) 
row 115: (28, 1529.24)  (42, 1.51101)  (45, 5.79896)  (115, -4768.59)  (132, 1604.23)  (157, -7.17845)  (160, 1.51101)  (161, 1635.52)  (164, 1.51101)  (174, -7.34845)  (176, -7.28189)  (210, 5.57081)  (244, 5.51004) 
row 116: (25, -2.63941)  (48, -2.62856)  (53, -2.65804)  (90, 10.598)  (110, 1557.31)  (116, -3190.47)  (131, 1635.42)  (145, -2.2713)  (206, -2.67166) 
row 117: (78, 1607.61)  (83, -4.22537)  (98, -9.24482)  (102, -8.66825)  (103, 1781.7)  (109, -9.65451)  (117, -5083.89)  (127, -4.22537)  (128, -4.22537)  (144, 1693.92)  (190, 13.7767)  (201, 13.5757)  (260, 13.5462) 
row 118: (118, -4780.92)  (119, 0.570061)  (123, -0.344891)  (135, -0.346552)  (140, 1583.15)  (147, 1601.1)  (153, 0.567917)  (159, -0.22536)  (162, -0.228947)  (163, -0.226411)  (168, -0.342913)  (171, 0.574584)  (182, 1596.67) 
row 119: (65, -0.0194788)  (79, 1598.44)  (84, -1.23026)  (87, -0.0182099)  (89, -1.22007)  (118, 1.26282)  (119, -4792.1)  (140, 1.25279)  (149, -1.22838)  (153, 1592.13)  (167, -0.017643)  (171, 1601.48)  (182, 1.26745) 
row 120: (39, -11.0734)  (56, -11.1048)  (57, -11.0633)  (120, -2983.11)  (124, 25.7221)  (130, 1540.11)  (133, 1454.11)  (146, 7.54658)  (219, -11.1395) 
row 121: (16, 1.46874)  (51, 1.4935)  (52, 1.46114)  (108, 1566.85)  (113, 0.769055)  (121, -3179.14)  (205, 1.47551)  (216, 1610.87)  (246, -5.25705) 
row 122: (78, -10.6063)  (83, -10.7094)  (101, 1607.68)  (122, -4965.42)  (134, 10.1341)  (136, 1632.27)  (141, 10.1847)  (150, 0.765978)  (155, 10.0469)  (156, 0.738808)  (201, -10.8683)  (202, 0.681562)  (235, 1725.1) 
row 123: (12, 9.96215)  (39, -7.14645)  (56, -7.31088)  (91, 9.81081)  (118, -2.70479)  (123, -5048.66)  (135, 1618.15)  (147, -2.72048)  (168, 1632.65)  (182, -2.69174)  (237, 9.37366)  (242, 1797.62)  (248, -6.33176) 
row 124: (4, -13.7146)  (5, -13.7969)  (57, -13.7798)  (120, 8.36459)  (124, -3123.99)  (133, 1598.34)  (193, 27.3563)  (209, 1531.22) 
row 125: (83, 0.822772)  (101, 0.819385)  (105, 0.228044)  (125, -4774.91)  (127, 0.233979)  (128, 1616.17)  (134, 0.803475)  (137, 1599.73)  (138, -1.01176)  (139, 0.223096)  (142, 1558.93)  (148, -1.03207)  (165, -1.00808) 
row 126: (19, -15.3588)  (23, 10.4636)  (27, 7.13776)  (31, -14.6572)  (41, 1532.08)  (44, -16.3482)  (47, 1535.51)  (126, -4142.22)  (307, 8.41356)  (308, 1082.4)  (309, 12.575) 
row 127: (78, 2.27231)  (83, 2.27231)  (93, -3.31652)  (102, -3.33904)  (103, 1615.59)  (105, 1634.55)  (114, -3.29419)  (117, 2.27231)  (125, 1.0502)  (127, -4852.23)  (128, 1602.13)  (139, 1.01667)  (142, 1.02221) 
row 128: (78, 5.08252)  (83, 1637.51)  (101, -5.83209)  (103, 5.08252)  (105, 0.657217)  (117, 5.08252)  (125, 1640.98)  (127, 1605.72)  (128, -4884.23)  (134, -5.71885)  (137, -5.62854)  (139, 0.642955)  (142, 0.646462) 
row 129: (86, 0.122957)  (97, 1599.83)  (99, 0.123895)  (104, 0.122832)  (107, 0.022008)  (129, -4800.42)  (152, 1600.4)  (157, 1600.19)  (160, 0.0219475)  (161, 0.0220149)  (175, -0.144046)  (176, -0.143764)  (183, -0.143856) 
row 130: (39, -2.0854)  (56, -2.09131)  (57, -2.0835)  (120, 1567.37)  (130, -4515.86)  (133, -2.08807)  (146, 1328.4)  (177, 7.86723)  (178, 8.54052)  (219, 1604.37)  (250, 7.66507) 
row 131: (3, 17.8363)  (25, -16.1309)  (48, 1770.19)  (53, -16.2448)  (110, -16.3171)  (116, 2068.37)  (131, -5275.1)  (145, 1464.06)  (194, 19.6589)  (206, -16.328) 
row 132: (16, -1.52434)  (28, -6.35495)  (45, -6.16332)  (52, -1.52705)  (115, 1613.54)  (132, -5006.54)  (157, 7.53334)  (161, 7.4952)  (174, 1587.59)  (176, 7.64189)  (179, -1.50483)  (210, -5.92084)  (244, 1805.74) 
row 133: (4, -7.2559)  (5, -7.29945)  (39, 17.0517)  (56, 17.1)  (57, 1496.1)  (120, 1430.74)  (124, 1386.03)  (130, 17.1747)  (133, -4359.6)  (209, -7.1945)  (219, 17.1534) 
row 134: (83, -0.690639)  (92, 0.0473012)  (101, 1632.39)  (122, 0.642777)  (125, -0.666785)  (128, -0.680279)  (134, -4831.89)  (136, 0.637714)  (137, 1599.14)  (141, 0.624093)  (148, 0.047708)  (155, 1600.35)  (173, 0.0475993) 
row 135: (12, -3.03441)  (91, 1629.64)  (92, -0.666712)  (118, 3.46562)  (123, 1588.85)  (135, -4822.74)  (147, 1604.42)  (162, -0.661183)  (168, 3.45229)  (173, -0.670542)  (182, 3.4489)  (237, -2.85516)  (242, -2.64225) 
row 136: (101, -4.74657)  (122, 1620.81)  (134, -4.64553)  (136, -4911.36)  (141, 1653.77)  (150, 1637.07)  (151, -0.926201)  (155, -4.60557)  (156, 5.89004)  (158, -0.937456)  (170, -0.950281)  (202, 5.43365)  (235, 5.20032) 
row 137: (83, -0.00128821)  (92, -0.215874)  (101, -0.00128291)  (125, 1600.24)  (128, -0.00126889)  (134, 1599.68)  (137, -4764.91)  (138, 0.215167)  (142, 0.22108)  (148, 1565.)  (155, -0.220381)  (165, 0.214385)  (173, -0.217234) 
row 138: (2, 2.94076)  (6, 1417.69)  (9, 2.84907)  (11, 2.64799)  (30, 2.78442)  (125, -6.03537)  (137, -6.01373)  (138, -4590.72)  (139, 2.73701)  (142, 1628.24)  (148, -5.85263)  (165, 1545.94)  (169, 2.80207) 
row 139: (6, -2.96323)  (9, -2.98935)  (105, 1522.09)  (114, 8.74004)  (125, -5.83395)  (127, -5.92319)  (128, -5.9534)  (138, -2.88788)  (139, -4670.9)  (142, 1597.)  (169, 1552.28)  (172, 8.68565)  (180, 8.66381) 
row 140: (34, -4.02841)  (50, -3.99693)  (118, 1560.25)  (119, 0.762979)  (140, -4728.63)  (147, 3.34676)  (149, -4.04599)  (153, 1592.46)  (159, 1575.73)  (162, 3.32542)  (163, 3.28859)  (171, 0.769032)  (182, 0.772273) 
row 141: (101, -0.117655)  (122, -0.11919)  (134, -0.11515)  (136, 1617.75)  (141, -4809.98)  (150, -2.13004)  (151, -2.1269)  (155, 1602.48)  (158, -2.15275)  (162, 2.28698)  (163, 2.26268)  (170, 1589.66)  (173, 2.29655) 
row 142: (6, -7.05279)  (9, -7.11496)  (105, 1.31332)  (125, 1490.38)  (127, 1.3475)  (128, 1.35437)  (137, 5.75392)  (138, 1571.47)  (139, 1582.39)  (142, -4643.92)  (148, 5.59978)  (165, 5.46963)  (169, -6.99758) 
row 143: (19, 5.16937)  (32, 0.318343)  (42, 0.341904)  (43, 0.307199)  (44, 5.43903)  (59, 1522.38)  (94, 5.23254)  (95, -5.91174)  (106, 1595.15)  (107, -5.88496)  (143, -4716.76)  (160, -5.79313)  (164, 1600.) 
row 144: (40, -0.697803)  (78, -6.73725)  (98, 7.69691)  (102, 7.21687)  (103, 7.09047)  (109, 1676.98)  (117, 1740.41)  (144, -5494.45)  (190, -7.11202)  (201, -7.00828)  (212, -0.727066)  (260, 2078.06)  (265, -0.717535) 
row 145: (3, 27.4891)  (48, 27.8795)  (116, -5.21535)  (131, 1678.42)  (145, -3480.06)  (191, -62.8727)  (194, 1814.36) 
row 146: (120, 9.14792)  (130, 1546.32)  (146, -3133.06)  (166, 1.49749)  (177, -3.79188)  (178, 1587.47)  (219, -3.88978)  (250, -3.69444) 
row 147: (91, 1.56427)  (92, 1.59541)  (118, 1597.49)  (123, -1.24695)  (135, 1594.99)  (140, -0.326132)  (147, -4792.68)  (159, -0.323962)  (162, 1600.13)  (163, -0.325473)  (168, -1.2398)  (173, 1.60458)  (182, -1.23858) 
row 148: (2, -5.4813)  (12, -5.4813)  (91, -5.4813)  (92, 1579.06)  (125, 2.29109)  (134, 3.29807)  (137, 1503.6)  (138, 2.17799)  (142, 2.23785)  (148, -4664.68)  (155, 3.27052)  (165, 1581.97)  (173, 3.22383) 
row 149: (24, -8.15323)  (34, 11.3457)  (35, -8.30164)  (50, 1540.15)  (71, -8.39581)  (79, -2.95666)  (84, -2.913)  (89, 1606.04)  (119, -2.97677)  (140, 11.7016)  (149, -4713.04)  (153, 1565.93)  (159, 11.5729) 
row 150: (33, 1.28822)  (122, -4.82944)  (136, 1654.7)  (141, 3.85892)  (150, -4847.67)  (151, 1650.92)  (156, 1541.18)  (158, 3.80259)  (170, 3.85461)  (202, -4.86059)  (231, 1.2289)  (235, -4.65186)  (251, 1.18037) 
row 151: (29, -2.30761)  (33, 1511.88)  (49, -2.31295)  (55, -2.28574)  (136, -4.62176)  (141, -4.6781)  (150, 1590.85)  (151, -4759.1)  (156, 6.67606)  (158, 1657.1)  (170, -4.67288)  (231, 6.8725)  (251, 6.60109) 
row 152: (86, -0.314411)  (93, 0.296028)  (97, -0.309299)  (99, -0.31681)  (104, 1600.76)  (114, 0.295798)  (129, 1600.63)  (152, -4799.51)  (157, 0.016045)  (172, 0.295368)  (175, 1598.12)  (176, 0.0160341)  (183, 0.0160444) 
row 153: (34, -1.71745)  (50, -1.70403)  (79, 4.22223)  (84, 4.15988)  (89, 4.12545)  (118, -2.46062)  (119, 1579.33)  (140, 1605.61)  (149, 1567.54)  (153, -4752.43)  (159, -1.75184)  (171, -2.45928)  (182, -2.46965) 
row 154: (24, 3.65281)  (64, 3.66185)  (71, 3.6174)  (74, 1625.96)  (154, -6525.14)  (198, 1635.54) 
row 155: (92, -0.0535407)  (101, 0.125629)  (122, 0.127269)  (134, 1599.27)  (136, 0.126266)  (137, -0.0547992)  (141, 1599.33)  (148, -0.0540012)  (155, -4798.84)  (162, -0.0707125)  (163, -0.0699613)  (170, -0.0695179)  (173, 1600.24) 
row 156: (1, -7.49979)  (10, -7.58828)  (13, -8.14052)  (33, -2.24925)  (122, 11.4738)  (136, 12.43)  (150, 1376.16)  (151, -2.28024)  (156, -4757.48)  (202, 1555.84)  (231, -2.14569)  (235, 11.0519)  (238, -8.94241)  (251, 1829.37) 
row 157: (97, -0.106556)  (107, -0.105945)  (115, 0.11257)  (129, 1600.39)  (132, 0.114177)  (152, -0.00688288)  (157, -4786.85)  (160, -0.105654)  (161, 1586.42)  (174, 0.114755)  (175, -0.00687823)  (176, 1600.04)  (183, -0.00686919) 
row 158: (29, -7.4984)  (33, -7.65492)  (34, 8.01535)  (49, 1539.76)  (55, -7.42732)  (136, -0.430724)  (141, -0.435975)  (150, -0.425079)  (151, 1604.49)  (158, -4668.72)  (159, 8.01535)  (163, 8.01535)  (170, 1524.3) 
row 159: (34, 1484.18)  (49, 1.38208)  (50, 4.07389)  (118, -5.5732)  (140, 1562.89)  (147, -5.59812)  (149, 4.12389)  (153, 4.20258)  (158, 1.38208)  (159, -4629.61)  (162, -5.56242)  (163, 1582.73)  (170, 1.38208) 
row 160: (28, -1.22932)  (42, -1.22932)  (95, 3.67131)  (97, -2.39155)  (106, 3.63114)  (107, 1582.25)  (115, -1.22932)  (129, -2.39884)  (143, 3.57429)  (157, -2.39242)  (160, -4760.03)  (161, 1603.84)  (164, 1573.93) 
row 161: (28, -3.35001)  (42, -3.35001)  (97, 1.29587)  (107, 1.28844)  (115, 1603.95)  (129, 1.29982)  (132, 2.07646)  (157, 1562.6)  (160, 1590.76)  (161, -4757.38)  (164, -3.35001)  (174, 2.08698)  (176, 2.06808) 
row 162: (91, -0.388785)  (92, -0.396524)  (118, 0.0871707)  (135, -0.383391)  (140, 0.086213)  (141, 0.302539)  (147, 1600.65)  (155, 0.305743)  (159, 0.0856394)  (162, -4770.55)  (163, 1573.72)  (170, 0.30121)  (173, 1596.18) 
row 163: (34, -4.76938)  (49, -4.76938)  (118, 2.71891)  (140, 2.68904)  (141, 2.0552)  (147, 2.73107)  (155, 2.07696)  (158, -4.76938)  (159, 1579.22)  (162, 1534.65)  (163, -4700.17)  (170, 1586.25)  (173, 2.09004) 
row 164: (28, 7.54108)  (32, -5.86736)  (42, 1546.85)  (43, -5.66197)  (59, -5.89068)  (95, -1.47161)  (106, -1.45551)  (107, -1.46494)  (115, 7.54108)  (143, 1605.71)  (160, 1574.91)  (161, 7.54108)  (164, -4728.29) 
row 165: (2, 1392.23)  (6, 5.33017)  (11, 4.40793)  (12, -3.71975)  (30, 4.63504)  (91, -3.71975)  (92, -3.71975)  (125, -1.4725)  (137, -1.46722)  (138, 1535.99)  (142, -1.43828)  (148, 1610.75)  (165, -4537.81) 
row 166: (146, -7.98919)  (166, -3281.26)  (177, 6.24811)  (178, 1657.09)  (181, -8.34082)  (185, 1622.43)  (204, 5.99128)  (234, 5.82989) 
row 167: (4, 0.680258)  (5, 0.689147)  (37, 0.670404)  (65, -22.0063)  (68, 0.667858)  (79, -22.6676)  (87, 1653.59)  (119, -22.029)  (167, -4601.14)  (168, 19.079)  (171, 1371.01)  (182, 19.6879)  (217, 1581.9)  (248, 19.8695) 
row 168: (39, -0.710948)  (56, -0.727306)  (118, 0.53439)  (123, 1613.84)  (135, 0.537985)  (147, 0.537491)  (167, 0.122327)  (168, -5022.59)  (171, 0.117674)  (182, 1600.12)  (217, 0.118367)  (242, -0.663028)  (248, 1808.77) 
row 169: (6, 11.0823)  (9, 1466.87)  (105, -8.50639)  (114, -8.47458)  (138, 10.8005)  (139, 1623.62)  (142, 10.6429)  (169, -4702.45)  (172, -8.42185)  (180, 1611.96)  (186, -2.34371)  (197, -2.43954)  (240, -2.33515) 
row 170: (34, -0.0379866)  (49, -0.0379866)  (136, 4.40356)  (141, 1570.14)  (150, 4.34585)  (151, 4.33944)  (155, -4.37901)  (158, 1545.23)  (159, -0.0379866)  (162, -4.38821)  (163, 1612.34)  (170, -4727.52)  (173, -4.40659) 
row 171: (65, 12.8796)  (79, 13.2666)  (87, 12.0405)  (118, 0.0417314)  (119, 1612.47)  (140, 0.0413999)  (153, 0.0412246)  (167, 1516.33)  (168, -11.6366)  (171, -4717.25)  (182, 1586.9)  (217, -13.0011)  (248, -12.1188) 
row 172: (93, -1.34147)  (104, -1.34056)  (105, 1.11922)  (114, 1600.14)  (139, 1.11631)  (152, -1.33861)  (169, 1.10933)  (172, -4797.51)  (175, 1602.48)  (180, 1594.89)  (183, 0.227297)  (186, 0.227297)  (187, 0.227297) 
row 173: (91, -2.73788)  (92, 1583.38)  (134, 3.01963)  (135, -2.69989)  (137, 3.0021)  (141, -0.221325)  (147, -2.7152)  (148, 2.95839)  (155, 1603.21)  (162, 1595.01)  (163, -0.221758)  (170, -0.220353)  (173, -4781.76) 
row 174: (16, 6.12554)  (52, 6.13643)  (115, -2.23792)  (132, 1605.67)  (157, -2.22859)  (161, -2.21731)  (174, -4875.17)  (176, 1647.43)  (179, 1621.8)  (183, -3.76323)  (187, -3.79134)  (189, -3.8421)  (244, 6.07511) 
row 175: (93, 0.344391)  (104, 0.344157)  (114, 0.344123)  (129, 0.528607)  (152, 1597.67)  (157, 0.527911)  (172, 1602.96)  (175, -4800.99)  (176, 0.527555)  (180, -0.87214)  (183, 1600.36)  (186, -0.87214)  (187, -0.87214) 
row 176: (115, -0.330684)  (129, 0.290803)  (132, -0.335405)  (152, 0.29099)  (157, 1600.12)  (161, -0.327638)  (174, 1617.88)  (175, 0.290793)  (176, -4819.91)  (179, 0.0423119)  (183, 1601.9)  (187, 0.0415074)  (189, 0.042063) 
row 177: (2, -6.14879)  (11, -6.13848)  (12, -6.54946)  (130, -2.53119)  (146, -2.60932)  (166, 10.2896)  (177, -4824.63)  (178, 1373.5)  (185, 9.84864)  (204, 1636.79)  (219, -2.35269)  (234, 9.71198)  (237, -6.95281)  (250, 1817.77) 
row 178: (130, 6.70333)  (146, 1656.08)  (166, 1685.42)  (177, 1566.56)  (178, -4901.19)  (185, -8.57833)  (204, -8.69348)  (219, 6.23062)  (234, -8.4593)  (250, 5.91772) 
row 179: (14, -1.55939)  (16, 1570.85)  (38, -1.55939)  (51, -1.55939)  (52, -5.30405)  (132, -5.1921)  (174, 1613.76)  (176, 6.75088)  (179, -4798.45)  (183, 6.70953)  (187, 6.75964)  (189, 1614.05)  (244, -5.25105) 
row 180: (9, -4.02189)  (105, 2.7338)  (114, 2.72357)  (139, 2.72667)  (169, 1613.67)  (172, 1602.83)  (175, 1.13726)  (180, -4822.17)  (183, 1.13726)  (186, 1605.59)  (187, 1.13726)  (197, -3.83165)  (240, -3.66769) 
row 181: (111, -4.39388)  (166, -9.60025)  (181, -3253.63)  (184, 5.25306)  (185, 1630.09)  (188, 1621.85)  (203, 5.22876)  (234, 5.21063) 
row 182: (118, 1598.66)  (119, -0.178557)  (123, 0.25904)  (135, 0.260288)  (140, -0.178641)  (147, 0.260049)  (153, -0.177885)  (167, -0.0852965)  (168, 1600.44)  (171, 1599.91)  (182, -4799.01)  (217, -0.0825356)  (248, -0.0769339) 
row 183: (129, -0.686035)  (152, -0.686476)  (157, -0.685132)  (172, 0.160451)  (174, 0.528298)  (175, 1603.96)  (176, 1604.26)  (179, 0.532092)  (180, 0.160451)  (183, -4807.95)  (186, 0.160451)  (187, 1599.71)  (189, 0.528963) 
row 184: (6, 0.469086)  (9, 0.475305)  (30, 0.48189)  (81, -0.00323433)  (111, -0.0032688)  (181, -0.572507)  (184, -4754.27)  (185, -0.569756)  (188, 1381.56)  (197, 0.494008)  (203, 1663.)  (220, -0.00316191)  (234, -0.569177)  (239, 1709.51) 
row 185: (166, 1639.28)  (177, 0.266311)  (178, 0.270715)  (181, 1653.19)  (184, -7.04809)  (185, -5090.85)  (188, -7.05755)  (203, -7.01549)  (204, 0.255364)  (234, 1818.71) 
row 186: (9, 3.26121)  (14, -1.28618)  (54, -1.29609)  (169, 3.28323)  (172, -1.86959)  (175, -1.86959)  (180, 1620.97)  (183, -1.86959)  (186, -5003.84)  (187, 1615.76)  (189, -1.24251)  (197, 3.10695)  (240, 1766.9) 
row 187: (14, -1.08539)  (54, -1.09376)  (172, 1.20616)  (174, -0.147593)  (175, 1.20616)  (176, -0.145637)  (179, -0.148653)  (180, 1.20616)  (183, 1602.81)  (186, 1608.41)  (187, -4836.62)  (189, 1625.48)  (240, -1.06828) 
row 188: (81, -0.727864)  (111, 1639.29)  (181, 1618.36)  (184, 1549.03)  (185, -1.86785)  (188, -4798.94)  (203, -1.87244)  (220, -0.711566)  (234, -1.86595)  (239, -0.701227) 
row 189: (14, 1540.41)  (16, 8.62518)  (38, 8.62518)  (51, 8.62518)  (54, -5.34568)  (174, -3.468)  (176, -3.42205)  (179, 1621.54)  (183, -3.40109)  (186, -5.06372)  (187, 1648.1)  (189, -4810.)  (240, -5.22118) 
row 190: (10, -46.0142)  (78, 68.4303)  (117, 67.125)  (144, 68.6695)  (190, -6288.25)  (195, 2502.24)  (201, 2146.83)  (202, -50.7427)  (235, -46.3894)  (258, -36.9524)  (260, 1657.62)  (265, -42.5612) 
row 191: (0, 19.2817)  (3, 20.5438)  (40, 20.6574)  (145, -22.0155)  (191, -3373.41)  (194, 1630.82)  (200, 1728.91)  (212, 23.1986)  (241, -47.9824) 
row 192: (8, 1.45183)  (21, 1.38994)  (113, 5.26445)  (192, -3540.71)  (208, 1625.27)  (230, -9.87683)  (252, 1915.87)  (261, 1.34113) 
row 193: (4, -1.09515)  (37, -1.03427)  (124, 7.14461)  (193, -3583.14)  (209, 1682.12)  (228, -4.50609)  (253, 1901.51)  (262, -0.987232) 
row 194: (0, 12.2224)  (3, 1708.64)  (40, 13.0944)  (48, -51.9297)  (131, -57.7193)  (145, 1584.48)  (191, 1930.18)  (194, -5169.62)  (200, 15.9608)  (212, 14.7053) 
row 195: (1, 109.331)  (10, 1992.23)  (70, 98.5791)  (190, 2692.52)  (195, -6410.47)  (201, -42.9919)  (202, -56.2501)  (213, 105.756)  (235, -51.4244)  (258, 1755.13)  (260, -86.267)  (265, -106.157) 
row 196: (64, 7.54576)  (196, -7109.08)  (198, 1625.7)  (211, 6.97309)  (259, 1957.75)  (263, 6.51633) 
row 197: (6, 9.67809)  (9, 1991.26)  (30, 9.94226)  (54, -2.78293)  (169, -10.0278)  (180, -9.58999)  (184, 10.6398)  (186, -9.11667)  (197, -5286.23)  (203, 10.3669)  (220, -2.78293)  (239, 1746.84)  (240, 1541.8) 
row 198: (24, 5.33943)  (64, 1673.56)  (71, 5.28768)  (74, 5.25263)  (154, 1757.52)  (196, 1664.97)  (198, -5094.46)  (211, -4.53861)  (259, -4.2402)  (263, -4.24131) 
row 199: (7, 6.76066)  (22, 6.01554)  (90, 13.2862)  (199, -3581.87)  (221, -33.9314)  (233, 1600.79)  (247, 1983.38)  (264, 5.57013) 
row 200: (0, -16.4318)  (3, -17.5073)  (40, -17.6041)  (191, 1921.63)  (194, -19.8218)  (200, -5239.92)  (212, 1933.28)  (213, -13.7654)  (241, 1492.75)  (258, -11.5699)  (265, -11.0309) 
row 201: (10, 34.824)  (78, 1800.74)  (83, 8.67622)  (101, 8.97702)  (117, -39.5575)  (122, 9.19947)  (144, -40.4676)  (190, 1850.93)  (195, 28.9298)  (201, -5285.52)  (202, 38.4026)  (235, 1626.73)  (260, -41.8578) 
row 202: (1, 21.446)  (10, 1537.69)  (13, 23.2781)  (122, -5.36939)  (136, -5.81687)  (150, -6.07334)  (156, 1640.56)  (190, -18.6709)  (195, -20.1912)  (201, -20.4852)  (202, -4683.98)  (235, 1485.23)  (238, 25.5712)  (251, 26.8118) 
row 203: (6, -0.820152)  (9, -0.831025)  (11, 0.0845429)  (30, 1720.6)  (181, 0.936024)  (184, 1990.37)  (185, 0.931527)  (188, 0.939416)  (197, -0.863726)  (203, -5191.23)  (204, 0.0845429)  (234, 1480.69)  (239, -0.894616) 
row 204: (2, 13.0151)  (11, 1646.16)  (12, 13.8632)  (30, -17.1111)  (166, -2.10924)  (177, 1915.32)  (178, -2.16894)  (185, -2.01885)  (203, -17.1111)  (204, -5093.1)  (234, 1515.48)  (237, 14.7169)  (250, 15.068) 
row 205: (8, 15.08)  (16, -12.3141)  (18, 1331.4)  (51, -12.5217)  (52, 1879.28)  (108, 1976.73)  (113, 14.2687)  (121, -12.7638)  (205, -5179.86)  (208, 14.3534)  (210, -0.479099)  (216, -12.7142)  (244, -0.450764) 
row 206: (7, 2.21384)  (15, 1461.03)  (25, 4.91933)  (48, 4.89911)  (53, 1831.21)  (90, 2.2768)  (110, 1985.67)  (116, 4.94127)  (131, 4.90755)  (206, -5285.07)  (214, -9.61826)  (233, 2.23978)  (245, -9.61826) 
row 207: (17, 31.0675)  (26, 1386.88)  (29, 2021.53)  (33, -17.0888)  (55, 32.017)  (61, 30.6775)  (75, -16.8688)  (207, -5499.88)  (223, -16.6996)  (224, 2098.52)  (231, -17.1051)  (236, -17.0095)  (254, -16.0329) 
row 208: (8, 1509.76)  (18, 4.09434)  (21, 2.42742)  (108, 3.90657)  (113, 1688.08)  (192, 1599.6)  (205, 4.07463)  (208, -4816.64)  (252, 2.34402)  (261, 2.34218) 
row 209: (4, 1511.18)  (5, 17.2173)  (37, -2.41347)  (57, 17.196)  (124, 1698.94)  (133, 17.0683)  (193, 1708.5)  (209, -4963.08)  (253, -2.30665)  (262, -2.30371) 
row 210: (8, 6.10889)  (18, 1764.04)  (20, 6.03143)  (21, 6.04562)  (28, -1.03181)  (36, 6.08093)  (45, 1938.44)  (52, -6.95669)  (115, -1.017)  (132, -0.975396)  (205, -7.20195)  (210, -5180.62)  (244, 1471.06) 
row 211: (17, 1617.77)  (24, 6.0134)  (26, 5.36771)  (35, 6.30328)  (61, 7.32849)  (64, 1484.71)  (77, 5.38336)  (196, -13.1216)  (198, -14.2038)  (211, -5002.7)  (223, 5.42317)  (255, 5.2751)  (259, -12.275)  (263, 1898.73) 
row 212: (0, -0.238675)  (3, -0.254298)  (40, 1682.19)  (109, 4.10754)  (144, 4.09702)  (191, -0.311625)  (194, -0.287915)  (200, 1888.57)  (212, -5197.49)  (213, -4.07908)  (241, -4.74754)  (258, -3.4285)  (260, 4.26255)  (265, 1627.6) 
row 213: (1, -34.7284)  (10, -40.2425)  (70, 1931.75)  (195, -41.3007)  (200, -10.8054)  (212, -8.84407)  (213, -5876.63)  (241, 1678.78)  (258, 2409.77)  (265, -7.74128) 
row 214: (7, 12.1653)  (15, 1724.1)  (19, 11.8741)  (22, 11.8454)  (31, 11.7024)  (53, -4.14389)  (94, 1948.08)  (95, -11.0365)  (96, -10.4907)  (106, -11.2237)  (206, -4.14389)  (214, -5235.63)  (245, 1556.9) 
row 215: (14, 4.47646)  (38, 1897.82)  (51, -15.5531)  (54, 4.48458)  (81, 4.47645)  (88, 2040.89)  (215, -5477.29)  (216, -16.4122)  (220, 4.48465)  (246, 1552.62) 
row 216: (16, -0.323363)  (38, -14.1656)  (51, 1909.94)  (52, -0.321689)  (108, -0.330864)  (121, 2027.02)  (205, -0.324852)  (215, -15.1116)  (216, -5425.23)  (246, 1518.85) 
row 217: (4, 22.826)  (5, 1880.28)  (37, 22.4954)  (39, -19.7563)  (57, -21.153)  (68, 22.41)  (87, 22.6576)  (167, 2114.42)  (168, -6.79559)  (171, -7.54802)  (182, -7.01247)  (217, -5683.04)  (248, 1660.22) 
row 218: (0, 1584.7)  (3, 13.942)  (25, 29.2092)  (40, -55.8167)  (48, 19.7884)  (82, 29.2799)  (86, 29.2799)  (98, -51.1701)  (99, 29.2799)  (100, 1868.54)  (109, -53.2144)  (218, -4968.03)  (249, 1524.22) 
row 219: (39, 2.22678)  (56, 1862.7)  (57, 2.22474)  (120, 2.23824)  (130, 2035.44)  (133, 2.22963)  (146, -0.0929498)  (177, -0.0816987)  (178, -0.0886907)  (219, -5377.77)  (237, -3.03553)  (242, -2.98341)  (250, 1476.99) 
row 220: (14, 0.362473)  (38, 0.361639)  (54, 1781.84)  (81, 2031.3)  (88, 0.361565)  (111, -4.32388)  (184, -4.15823)  (188, -4.2646)  (197, 4.5587)  (215, 0.361251)  (220, -5245.08)  (239, 1434.12)  (240, 4.5587) 
row 221: (199, 58.3614)  (221, -3817.55)  (222, 2374.18)  (232, -34.7118)  (247, 1456.55)  (264, -36.8304)  (306, -1.17157e-10) 
row 222: (27, 60.8955)  (221, 2323.82)  (222, -5350.36)  (232, 1518.)  (247, -43.9031)  (264, -54.119)  (306, 1480.47)  (307, 65.2084) 
row 223: (17, 14.2889)  (26, 2101.71)  (77, 2189.69)  (207, -44.6928)  (211, 14.029)  (223, -6029.81)  (224, -46.4796)  (254, 1772.83)  (255, 14.3519)  (263, 14.08) 
row 224: (26, -35.5846)  (29, -12.3966)  (33, -12.4987)  (75, 2132.23)  (207, 2169.67)  (223, -38.9529)  (224, -5766.48)  (231, -12.5106)  (236, -12.4406)  (254, 1588.96) 
row 225: (77, 59.2459)  (225, -3743.21)  (226, 2372.52)  (255, 1382.21)  (259, -33.8649)  (263, -36.8991) 
row 226: (225, 2373.53)  (226, -8392.92)  (255, -32.5329)  (259, 1453.26)  (263, -36.8092) 
row 227: (227, -8406.93)  (228, 2371.66)  (253, -38.5746)  (256, 1461.48)  (262, -44.5062) 
row 228: (193, 69.6447)  (227, 2372.35)  (228, -3858.18)  (253, 1497.38)  (256, -37.7473)  (262, -43.4476) 
row 229: (112, 52.3596)  (229, -5353.02)  (230, 2330.17)  (252, -37.4291)  (257, 1520.89)  (261, -43.2134)  (312, 54.047)  (313, 1476.2) 
row 230: (192, 67.6469)  (229, 2372.87)  (230, -3848.31)  (252, 1487.08)  (257, -36.9121)  (261, -42.3813)  (313, 1.11519e-10) 
row 231: (29, -6.96232)  (33, 2083.11)  (75, -6.92925)  (150, 16.0469)  (151, 16.6315)  (156, 15.2028)  (207, -6.90718)  (224, -6.89389)  (231, -5428.06)  (236, 1926.4)  (238, -9.39236)  (243, -8.93386)  (251, 1416.69) 
row 232: (22, -15.3796)  (27, 2762.86)  (31, -14.7847)  (41, -13.2759)  (221, 62.5796)  (222, 1878.04)  (232, -6684.05)  (247, 81.5715)  (264, 2078.93)  (306, -73.015)  (307, -63.4681) 
row 233: (7, 1558.71)  (15, -2.45918)  (22, 8.9258)  (90, 1816.42)  (110, -2.53104)  (199, 1637.46)  (206, -2.50379)  (233, -5030.78)  (247, 8.49065)  (264, 8.26491) 
row 234: (11, 5.21188)  (30, 5.21188)  (166, -8.44803)  (177, -8.54581)  (178, -8.68712)  (181, 3.98401)  (184, 3.99308)  (185, 2132.44)  (188, 3.99844)  (203, 1653.06)  (204, 1734.64)  (234, -5516.87) 
row 235: (10, 2.34404)  (78, 6.65725)  (83, 6.72198)  (101, 6.95503)  (122, 1792.8)  (136, -9.3844)  (150, -9.79816)  (156, -9.45061)  (190, 1.80066)  (195, 1.94729)  (201, 1554.92)  (202, 1668.29)  (235, -5013.8) 
row 236: (29, -10.4237)  (33, -10.5095)  (75, 2139.68)  (207, -10.3412)  (224, -10.3213)  (231, 2005.56)  (236, -5616.1)  (238, -12.3974)  (243, 1537.61)  (251, -12.7589) 
row 237: (2, 21.9455)  (11, 21.9087)  (12, 1971.85)  (56, -23.4009)  (91, -8.29253)  (123, -7.18955)  (135, -7.65246)  (177, 24.6913)  (204, 23.1394)  (219, -23.8231)  (237, -5438.71)  (242, 1676.74)  (250, 1768.79) 
row 238: (1, 27.2304)  (10, 27.5517)  (13, 1899.26)  (156, 33.1383)  (202, 30.1518)  (231, -31.9759)  (236, -30.4732)  (238, -5418.85)  (243, 1690.55)  (251, 1773.41) 
row 239: (6, -1.34832)  (9, -1.3662)  (30, -1.38513)  (54, 1.77303)  (81, 0.17765)  (111, 0.179544)  (184, 2062.8)  (188, 0.177082)  (197, 1749.19)  (203, -1.44428)  (220, 1441.99)  (239, -5252.51)  (240, 1.77303) 
row 240: (9, -3.33111)  (14, 1.00292)  (54, 1696.5)  (169, -3.35361)  (180, -3.20718)  (186, 2168.41)  (187, 0.946828)  (189, 0.968868)  (197, 1765.25)  (220, 2.65567)  (239, 2.65567)  (240, -5628.5) 
row 241: (70, -66.6685)  (191, -51.5467)  (200, 1706.86)  (212, 42.2427)  (213, 1759.26)  (241, -3465.9)  (258, 38.782)  (265, 36.9753) 
row 242: (12, -19.0245)  (39, 1.87811)  (56, 1710.67)  (91, -18.7355)  (123, 2275.49)  (135, -17.2894)  (168, 1.51296)  (219, 19.1985)  (237, 1934.71)  (242, -5909.49)  (248, 1.66401)  (250, 19.4074) 
row 243: (13, -30.4419)  (75, -19.3286)  (231, 21.5765)  (236, 1631.86)  (238, 1931.32)  (243, -3557.31)  (251, 22.3183) 
row 244: (16, -10.3689)  (18, 12.673)  (28, 0.167273)  (45, 0.162229)  (52, 1655.99)  (115, 0.164871)  (132, 2174.98)  (174, -10.1392)  (179, -10.2362)  (205, 11.8491)  (210, 1689.47)  (244, -5514.72) 
row 245: (15, -5.00619)  (25, 7.44803)  (53, 1704.27)  (82, 6.64998)  (94, -2.95951)  (95, -3.0264)  (96, 2220.5)  (106, -3.07774)  (206, -5.00619)  (214, 1842.58)  (245, -5769.34)  (249, 6.96139) 
row 246: (38, 25.6087)  (51, 24.9938)  (88, -28.59)  (121, -31.7612)  (215, 1776.7)  (216, 1756.36)  (246, -3523.31) 
row 247: (7, -23.0589)  (22, -20.5174)  (199, 2547.66)  (221, 1726.24)  (222, 37.1516)  (232, 49.9516)  (233, -23.6329)  (247, -6469.16)  (264, 2175.36) 
row 248: (5, 40.8498)  (39, 1752.82)  (56, -28.444)  (57, 33.8297)  (123, -23.0542)  (167, -5.92012)  (168, 2329.07)  (171, -5.69496)  (182, -5.29089)  (217, 1849.28)  (242, -25.9302)  (248, -5911.51) 
row 249: (0, 27.2862)  (3, 20.7404)  (25, 1668.82)  (48, 29.4377)  (53, -21.8401)  (82, 2220.38)  (86, -15.5753)  (96, -19.5566)  (99, -15.5753)  (100, -15.5753)  (218, 1719.08)  (245, -20.7712)  (249, -5576.86) 
row 250: (2, -6.96901)  (11, -6.95734)  (12, -7.42314)  (56, 22.1627)  (130, -10.4165)  (146, -10.738)  (177, 2219.01)  (178, -10.246)  (204, -7.34814)  (219, 1496.01)  (237, 1747.75)  (242, 22.1417)  (250, -5446.98) 
row 251: (1, -11.6717)  (10, -11.8094)  (13, -12.6688)  (33, -13.6172)  (150, -13.3195)  (151, -13.8048)  (156, 2295.74)  (202, -12.9239)  (231, 1490.51)  (236, 32.858)  (238, 1808.45)  (243, 32.9614)  (251, -5570.7) 
row 252: (8, -9.97524)  (21, -9.55002)  (192, 2612.98)  (208, -9.96423)  (229, 38.2288)  (230, 1810.27)  (252, -6621.02)  (257, 52.0096)  (261, 2137.02) 
row 253: (4, -9.37184)  (37, -8.85088)  (193, 2628.16)  (209, -9.38432)  (227, 41.1484)  (228, 1845.98)  (253, -6687.45)  (256, 56.1751)  (262, 2143.58) 
row 254: (26, 65.7553)  (75, -80.9846)  (77, -68.0724)  (207, 58.5294)  (223, 1962.07)  (224, 1847.16)  (254, -3784.45) 
row 255: (17, -23.187)  (26, -23.698)  (77, 2514.08)  (211, -22.7652)  (223, -23.9428)  (225, 1484.42)  (226, 37.8572)  (255, -6056.64)  (259, 46.6525)  (263, 2067.23) 
row 256: (37, -11.5944)  (68, -11.8356)  (72, -11.0266)  (85, 2700.63)  (227, 1884.83)  (228, 42.3213)  (253, 57.5996)  (256, -6602.02)  (262, 2152.13) 
row 257: (20, -10.2247)  (21, -9.71004)  (63, -10.2101)  (112, 2656.63)  (229, 1851.62)  (230, 39.388)  (252, 53.4985)  (257, -6628.74)  (261, 2135.4)  (312, -35.6763)  (313, -41.9738) 
row 258: (1, -47.2644)  (10, -54.7689)  (70, -42.6162)  (190, 80.7851)  (195, 1992.72)  (200, -48.2658)  (212, -39.505)  (213, 3221.79)  (241, -50.2221)  (258, -7426.01)  (260, 116.661)  (265, 2296.69) 
row 259: (64, -20.0765)  (196, 2622.67)  (198, -20.0566)  (211, -18.5528)  (225, 40.0938)  (226, 1832.79)  (255, 49.2835)  (259, -6341.64)  (263, 1981.45) 
row 260: (40, -7.33526)  (78, -45.2992)  (109, -6.9548)  (117, -44.4351)  (144, 2864.3)  (190, 2025.)  (195, 49.3843)  (201, -47.1215)  (212, -7.64287)  (258, 72.6455)  (260, -7041.52)  (265, 2188.99) 
row 261: (8, 2.76115)  (20, 8.43593)  (21, 2445.12)  (63, 8.42389)  (112, 8.00058)  (192, 2.6424)  (208, 2.7581)  (229, -10.2281)  (230, -10.1884)  (252, 2097.77)  (257, 2106.56)  (261, -6662.05) 
row 262: (4, 15.7794)  (37, 2522.23)  (68, -0.0124112)  (72, -0.0115629)  (85, -0.0106265)  (193, 14.9414)  (209, 15.8004)  (227, -14.2595)  (228, -14.2691)  (253, 2110.33)  (256, 2155.19)  (262, -6805.71) 
row 263: (17, 3.89149)  (26, 3.97725)  (64, 11.6742)  (77, 3.98885)  (196, 10.774)  (198, 11.6626)  (211, 2367.01)  (223, 4.01834)  (225, -15.5928)  (226, -16.1506)  (255, 2004.88)  (259, 1676.93)  (263, -6067.07) 
row 264: (7, -0.0716956)  (22, 2356.77)  (27, 26.3463)  (31, 30.795)  (41, 27.6522)  (199, -0.0671919)  (221, -26.6224)  (222, -29.9852)  (232, 1966.15)  (233, -0.0734804)  (247, 2206.39)  (264, -6557.27) 
row 265: (40, 9.35915)  (109, 8.87372)  (144, 8.851)  (190, -31.5939)  (195, -33.1369)  (200, 30.5649)  (212, 2613.17)  (213, 27.3257)  (241, 31.8037)  (258, 2289.94)  (260, 2177.88)  (265, -7133.04) 
row 266: (266, -1600.)  (267, 400.)  (274, 400.)  (275, 4.62547e-11) 
row 267: (266, 400.)  (267, -2000.)  (268, 400.)  (274, -1.36627e-10)  (275, 400.)  (276, 2.28775e-10) 
row 268: (267, 400.)  (268, -2000.)  (269, 400.)  (275, -3.20119e-10)  (276, 400.)  (277, 4.10449e-10) 
row 269: (268, 400.)  (269, -2000.)  (270, 400.)  (276, -4.99059e-10)  (277, 400.)  (278, 5.85872e-10) 
row 270: (269, 400.)  (270, -2000.)  (271, 400.)  (277, -5.83124e-10)  (278, 400.)  (279, 4.90906e-10) 
row 271: (270, 400.)  (271, -2000.)  (272, 400.)  (278, -3.96939e-10)  (279, 400.)  (280, 3.01231e-10) 
row 272: (271, 400.)  (272, -2000.)  (273, 400.)  (279, -2.04781e-10)  (280, 400.)  (281, 1.07622e-10) 
row 273: (272, 400.)  (273, -1600.)  (280, -2.26347e-11)  (281, 400.) 
row 274: (266, 400.)  (267, 1.65284e-11)  (274, -1200.)  (275, 400.)  (282, 400.)  (283, -8.38218e-11) 
row 275: (266, 7.38437e-11)  (267, 400.)  (268, -1.65909e-10)  (274, 400.)  (275, -1600.)  (276, 400.)  (282, -6.4948e-12)  (283, 400.)  (284, 9.856e-11) 
row 276: (267, 2.57253e-10)  (268, 400.)  (269, -3.47958e-10)  (275, 400.)  (276, -1600.)  (277, 400.)  (283, -1.89848e-10)  (284, 400.)  (285, 2.80553e-10) 
row 277: (268, 4.36567e-10)  (269, 400.)  (270, -5.23304e-10)  (276, 400.)  (277, -1600.)  (278, 400.)  (284, -3.69371e-10)  (285, 400.)  (286, 4.56107e-10) 
row 278: (269, 5.20556e-10)  (270, 400.)  (271, -4.2838e-10)  (277, 400.)  (278, -1600.)  (279, 400.)  (285, -4.53221e-10)  (286, 400.)  (287, 3.61045e-10) 
row 279: (270, 3.34413e-10)  (271, 400.)  (272, -2.38573e-10)  (278, 400.)  (279, -1600.)  (280, 400.)  (286, -2.67286e-10)  (287, 400.)  (288, 1.71446e-10) 
row 280: (271, 1.42122e-10)  (272, 400.)  (273, -4.50057e-11)  (279, 400.)  (280, -1600.)  (281, 400.)  (287, -7.4718e-11)  (288, 400.)  (289, -2.23987e-11) 
row 281: (272, -3.99819e-11)  (273, 400.)  (280, 400.)  (281, -1200.)  (288, 1.07379e-10)  (289, 400.) 
row 282: (274, 400.)  (275, 1.50518e-10)  (282, -1200.)  (283, 400.)  (290, 400.)  (291, -2.1691e-10) 
row 283: (274, -6.02018e-11)  (275, 400.)  (276, -3.24185e-11)  (282, 400.)  (283, -1600.)  (284, 400.)  (290, 1.26205e-10)  (291, 400.)  (292, -3.35842e-11) 
row 284: (275, 1.23707e-10)  (276, 400.)  (277, -2.13662e-10)  (283, 400.)  (284, -1600.)  (285, 400.)  (291, -5.76206e-11)  (292, 400.)  (293, 1.47576e-10) 
row 285: (276, 3.0248e-10)  (277, 400.)  (278, -3.89327e-10)  (284, 400.)  (285, -1600.)  (286, 400.)  (292, -2.36172e-10)  (293, 400.)  (294, 3.23019e-10) 
row 286: (277, 3.86441e-10)  (278, 400.)  (279, -2.94459e-10)  (285, 400.)  (286, -1600.)  (287, 400.)  (293, -3.20355e-10)  (294, 400.)  (295, 2.28373e-10) 
row 287: (278, 2.00701e-10)  (279, 400.)  (280, -1.04694e-10)  (286, 400.)  (287, -1600.)  (288, 400.)  (294, -1.34337e-10)  (295, 400.)  (296, 3.83304e-11) 
row 288: (279, 7.96585e-12)  (280, 400.)  (281, 8.92342e-11)  (287, 400.)  (288, -1600.)  (289, 400.)  (295, 5.83977e-11)  (296, 400.)  (297, -1.55598e-10) 
row 289: (280, -1.74215e-10)  (281, 400.)  (288, 400.)  (289, -1200.)  (296, 2.40356e-10)  (297, 400.) 
row 290: (282, 400.)  (283, 2.17826e-10)  (290, -1200.)  (291, 400.)  (298, 400.)  (299, -1.53211e-10) 
row 291: (282, -1.27121e-10)  (283, 400.)  (284, 3.475e-11)  (290, 400.)  (291, -1600.)  (292, 400.)  (298, 6.30607e-11)  (299, 400.)  (300, 2.93099e-11) 
row 292: (283, 5.64548e-11)  (284, 400.)  (285, -1.46883e-10)  (291, 400.)  (292, -1600.)  (293, 400.)  (299, -1.20848e-10)  (300, 400.)  (301, 2.11275e-10) 
row 293: (284, 2.35478e-10)  (285, 400.)  (286, -3.22242e-10)  (292, 400.)  (293, -1600.)  (294, 400.)  (300, -2.99649e-10)  (301, 400.)  (302, 3.86413e-10) 
row 294: (285, 3.19578e-10)  (286, 400.)  (287, -2.27152e-10)  (293, 400.)  (294, -1600.)  (295, 400.)  (301, -3.8386e-10)  (302, 400.)  (303, 2.91434e-10) 
row 295: (286, 1.33116e-10)  (287, 400.)  (288, -3.73312e-11)  (294, 400.)  (295, -1600.)  (296, 400.)  (302, -1.97231e-10)  (303, 400.)  (304, 1.01447e-10) 
row 296: (287, -5.93969e-11)  (288, 400.)  (289, 1.56569e-10)  (295, 400.)  (296, -1600.)  (297, 400.)  (303, -5.41234e-12)  (304, 400.)  (305, -9.17599e-11) 
row 297: (288, -2.41328e-10)  (289, 400.)  (296, 400.)  (297, -1200.)  (304, 1.77386e-10)  (305, 400.) 
row 298: (290, 400.)  (291, 8.74856e-11)  (298, -1200.)  (299, 400.)  (306, 400.)  (307, -2.04281e-11) 
row 299: (290, 2.66454e-12)  (291, 400.)  (292, -9.47575e-11)  (298, 400.)  (299, -1600.)  (300, 400.)  (306, -7.01106e-11)  (307, 400.)  (308, 1.62204e-10) 
row 300: (291, 1.86295e-10)  (292, 400.)  (293, -2.76612e-10)  (299, 400.)  (300, -1600.)  (301, 400.)  (307, -2.53075e-10)  (308, 400.)  (309, 3.43392e-10) 
row 301: (292, 3.64986e-10)  (293, 400.)  (294, -4.51972e-10)  (300, 400.)  (301, -1600.)  (302, 400.)  (308, -4.32265e-10)  (309, 400.)  (310, 5.19251e-10) 
row 302: (293, 4.49418e-10)  (294, 400.)  (295, -3.57325e-10)  (301, 400.)  (302, -1600.)  (303, 400.)  (309, -5.16587e-10)  (310, 400.)  (311, 4.24494e-10) 
row 303: (294, 2.63123e-10)  (295, 400.)  (296, -1.67394e-10)  (302, 400.)  (303, -1600.)  (304, 400.)  (310, -3.30902e-10)  (311, 400.)  (312, 2.35173e-10) 
row 304: (295, 7.13596e-11)  (296, 400.)  (297, 2.59098e-11)  (303, 400.)  (304, -1600.)  (305, 400.)  (311, -1.38167e-10)  (312, 400.)  (313, 4.08978e-11) 
row 305: (296, -1.11536e-10)  (297, 400.)  (304, 400.)  (305, -1200.)  (312, 4.37428e-11)  (313, 400.) 
row 306: (27, -7.63402)  (221, 15.6113)  (222, 533.805)  (232, -7.98432)  (298, 400.)  (299, -4.32987e-11)  (306, -1325.62)  (307, 391.825) 
row 307: (27, 500.219)  (41, 0.656955)  (126, 0.709999)  (222, -0.780664)  (232, -0.708624)  (298, 1.33837e-10)  (299, 400.)  (300, -2.25764e-10)  (306, 399.165)  (307, -1700.1)  (308, 400.837) 
row 308: (23, 0.095972)  (27, -0.0958325)  (41, -0.090035)  (47, 0.0884906)  (126, 493.737)  (299, 3.16636e-10)  (300, 400.)  (301, -4.07119e-10)  (307, 399.887)  (308, -1693.74)  (309, 400.115) 
row 309: (23, 490.973)  (46, -0.0124682)  (47, 0.0122253)  (69, -0.0133625)  (126, 0.0132437)  (300, 4.95992e-10)  (301, 400.)  (302, -5.82756e-10)  (308, 400.016)  (309, -1690.97)  (310, 399.984) 
row 310: (23, 0.035956)  (46, 0.0335946)  (60, -0.0361045)  (62, -0.0341748)  (69, 504.325)  (301, 5.80092e-10)  (302, 400.)  (303, -4.88054e-10)  (309, 400.042)  (310, -1704.33)  (311, 399.958) 
row 311: (60, 500.072)  (62, 0.256877)  (63, -0.260976)  (69, 0.273269)  (112, -0.273982)  (302, 3.94462e-10)  (303, 400.)  (304, -2.98733e-10)  (310, 400.315)  (311, -1700.07)  (312, 399.691) 
row 312: (60, -0.14289)  (63, -0.135965)  (112, 513.214)  (229, 0.158846)  (257, 0.144884)  (303, 2.01728e-10)  (304, 400.)  (305, -1.04514e-10)  (311, 399.838)  (312, -1713.24)  (313, 400.165) 
row 313: (112, -7.58371)  (229, 534.292)  (230, 15.4729)  (257, -8.09185)  (304, 1.9873e-11)  (305, 400.)  (312, 392.172)  (313, -1326.26) 
Vec Object: 8 MPI processes
  type: mpi
Process [0]
0.
0.
0.
0.
0.
0.
0.
0.
0.
0.
0.
0.
0.
0.
0.
0.
0.
0.
0.
0.
0.
0.
0.
0.
0.
0.
0.
0.
0.
0.
0.
0.
0.
0.
0.
0.
0.
0.
0.
0.
Process [1]
0.
0.
0.
0.
0.
0.
0.
0.
0.
0.
0.
0.
0.
0.
0.
0.
0.
0.
0.
0.
0.
0.
0.
0.
0.
0.
0.
0.
0.
0.
0.
0.
0.
0.
0.
0.
0.
0.
0.
0.
Process [2]
0.
0.
0.
0.
0.
0.
0.
0.
0.
0.
0.
0.
0.
0.
0.
0.
0.
0.
0.
0.
0.
0.
0.
0.
0.
0.
0.
0.
0.
0.
0.
0.
0.
0.
0.
0.
0.
0.
0.
Process [3]
0.
0.
0.
0.
0.
0.
0.
0.
0.
0.
0.
0.
0.
0.
0.
0.
0.
0.
0.
0.
0.
0.
0.
0.
0.
0.
0.
0.
0.
0.
0.
0.
0.
0.
0.
0.
0.
0.
0.
Process [4]
0.
0.
0.
0.
0.
0.
0.
0.
0.
0.
0.
0.
0.
0.
0.
0.
0.
0.
0.
0.
0.
0.
0.
0.
0.
0.
0.
0.
0.
0.
0.
0.
0.
0.
0.
0.
0.
0.
0.
Process [5]
0.
0.
0.
0.
0.
0.
0.
0.
0.
0.
0.
0.
0.
0.
0.
0.
0.
0.
0.
0.
0.
0.
0.
0.
0.
0.
0.
0.
0.
0.
0.
0.
0.
0.
0.
0.
0.
0.
0.
Process [6]
0.
0.
0.
0.
0.
0.
0.
0.
0.
0.
0.
0.
0.
0.
0.
0.
0.
0.
0.
0.
0.
0.
0.
0.
0.
0.
0.
0.
0.
0.
-1600.
-1600.
-1600.
-1600.
-1600.
-1600.
-1600.
-1600.
0.
Process [7]
0.
0.
0.
0.
0.
0.
0.
0.
0.
0.
0.
0.
0.
0.
0.
0.
0.
0.
0.
0.
0.
0.
0.
0.
0.
0.
0.
0.
0.
0.
0.
0.
0.
0.
0.
0.
0.
0.
0.
Vec Object: 8 MPI processes
  type: mpi
Process [0]
0.894353
0.592941
0.543947
0.923553
0.190618
0.230871
0.665632
1.20147
1.20508
0.723609
0.595915
0.572233
0.485725
0.543555
0.891877
1.15796
1.01143
0.19688
1.16088
1.24284
1.27956
1.25942
1.25428
1.36853
0.142903
1.0169
0.223302
1.37003
1.15765
0.31715
0.635064
1.27498
1.24849
0.376374
0.286164
0.199134
1.24727
0.138401
0.919868
0.321122
Process [1]
0.831596
1.33902
1.18692
1.27725
1.27541
1.18602
1.33922
1.33751
0.987584
0.31532
0.228519
0.981899
1.06659
1.06731
0.838031
0.285965
0.370423
0.286095
1.28047
1.24445
1.37001
0.227424
1.3407
1.34207
0.112869
0.115345
0.0576281
0.0288675
0.117463
1.37069
0.649386
0.114859
0.0569863
0.057735
0.0574049
0.349287
0.0287606
0.154225
0.663868
0.144317
Process [2]
0.0288675
0.802437
1.01163
0.634718
0.115467
0.0282257
0.982152
0.146954
0.852679
0.144054
1.15056
0.460663
0.490019
0.837182
1.18198
1.09648
1.06822
1.01037
0.836985
0.924416
0.895372
0.576992
0.808303
0.750558
0.894908
0.750633
1.15463
1.0681
1.0991
0.806581
1.09941
0.749758
1.37206
1.15105
0.808381
1.09762
1.04886
0.721961
0.317478
Process [3]
0.202048
0.349034
1.04804
0.547779
0.374781
0.247109
0.635085
1.36899
0.721689
0.663942
0.981501
0.400087
0.999889
1.06804
0.296143
0.548481
0.403638
0.490398
0.57735
0.635484
0.722153
0.288313
0.461866
0.664352
1.18454
0.749303
0.951033
0.451053
0.375207
0.547764
0.201483
0.462163
0.404756
0.923778
0.230627
0.0285373
0.490736
0.494716
1.01037
Process [4]
0.374887
0.316814
1.09747
1.0686
0.404073
0.374845
1.15576
0.576631
0.550176
0.204796
0.317533
0.751263
0.403762
0.230919
0.837291
0.46186
1.01015
0.894962
0.981499
0.503951
0.501229
0.980927
0.808653
0.65
0.288662
0.923818
0.698645
0.600176
0.837454
0.894947
0.699758
0.923407
0.669255
0.851492
1.24987
0.149699
0.902525
0.654086
0.0274205
Process [5]
0.755613
0.0559579
1.24829
0.801492
0.635913
0.552722
0.649658
0.553669
1.10478
1.10418
0.285031
1.20093
0.196808
1.15193
0.138556
0.793096
0.699386
1.14886
0.902679
0.998043
0.237031
0.927725
0.406006
0.799114
1.34218
1.37551
0.204225
0.299287
0.057735
0.0244017
0.0244017
0.057735
1.3756
1.34226
0.408798
1.34554
1.19884
0.600947
0.577549
Process [6]
0.397163
0.452491
0.491431
0.745321
0.812068
0.75
0.398572
0.447876
1.09398
1.09325
0.95
1.29047
0.292024
0.986245
0.459694
0.469732
1.29214
0.107434
0.25
0.11196
0.0526274
1.34766
0.701111
0.0518222
0.724552
1.29753
0.102326
0.106047
1.29383
0.74333
1.95
1.95
1.95
1.95
1.95
1.95
1.95
1.95
1.85
Process [7]
1.85
1.85
1.85
1.85
1.85
1.85
1.85
1.75
1.75
1.75
1.75
1.75
1.75
1.75
1.75
1.65
1.65
1.65
1.65
1.65
1.65
1.65
1.65
1.55
1.55
1.55
1.55
1.55
1.55
1.55
1.55
1.45
1.45
1.45
1.45
1.45
1.45
1.45
1.45
